67      26
63      25
53      25
37      25
56      32
62      35
68      39
64      48
67      33
64      24
36      38
55      45
58      46
67      52
59      53
37      51
31      35
31      33
20      41
30      36
33      32
33      24
22      34
28      39
28      39
28      28
38      40
41      33
34      35
34      51
31      50
39      37
47      38
46      33
41      29
38      48
36      44
42      45
33      45
51      67
49      72
42      37
67      33
59      53
41      50
34      57
21      42
45      51
59      27
69      30
71      50
72      57
73      33
67      29
65      40
73      59
68      73
46      40
46      48
61      38
55      47
25      42
32      46
51      46
60      32
51      29
44      33
49      45
59      36
54      40
46      46
66      59
58      56
62      51
71      50
72      57
64      44
56      46
57      51
51      51
37      44
54      52
70      54
67      44
39      37
35      29
44      35
51      50
44      53
51      44
67      45
61      54
62      54
59      64
74      59
61      71
50      67
46      84
57      84
79      84
89      76
86      81
85      84
74      67
67      68
64      65
64      55
74      40
71      47
68      61
66      60
58      75
47      78
39      86
51      68
61      59
74      67
68      73
82      72
86      72
86      80
82      83
77      84
81      87
88      86
86      73
91      73
88      80
90      65
92      74
91      80
83      84
83      63
75      64
61      68
69      57
78      65
70      70
79      76
70      74
77      74
85      74
87      73
82      72
65      74
62      65
70      73
72      66
61      69
57      71
64      64
79      68
85      77
91      69
92      60
92      71
83      77
73      71
68      67
73      75
66      77
80      81
82      82
87      88
89      88
90      90
86      88
80      73
80      81
84      85
84      89
84      87
84      84
86      76
90      69
85      76
89      80
77      86
77      88
87      87
90      88
86      86
75      82
77      69
82      80
88      76
83      80
85      75
81      83
89      86
85      87
90      86
83      76
83      77
77      76
77      78
85      82
87      86
92      82
95      82
100     84
99      85
92      85
85      87
91      91
94      90
96      92
90      73
96      81
90      79
85      71
86      83
90      86
94      88
98      87
102     82
97      84
90      90
89      90
89      91
94      90
86      93
77      87
78      83
86      83
80      85
82      80
76      83
70      86
77      79
76      80
82      85
74      72
72      81
67      79
75      73
83      81
82      85
82      83
85      81
81      81
81      80
82      85
93      79
92      74
86      77
80      81
86      80
87      77
78      86
76      88
80      87
81      88
87      76
78      78
83      83
89      83
90      65
80      68
77      74
76      78
79      76
80      81
80      72
83      77
88      74
89      80
83      64
88      52
83      57
72      57
71      59
63      64
56      65
68      70
69      75
68      78
72      77
77      75
80      56
72      50
76      56
80      69
83      74
84      75
83      65
81      83
80      72
69      64
49      62
51      51
50      58
45      66
54      71
44      76
46      75
44      79
61      81
62      60
62      43
56      42
58      47
60      61
46      58
47      71
54      72
58      73
49      63
55      65
40      50
44      54
60      63
66      67
66      52
56      63
60      48
60      49
71      65
74      65
71      66
69      65
70      50
67      65
64      69
74      41
69      49
55      60
52      66
41      66
31      62
24      57
22      65
42      54
56      68
55      67
28      49
54      54
55      63
48      69
43      74
43      60
39      54
46      48
52      42
50      53
46      58
36      58
35      65
33      71
22      44
29      48
31      61
39      43
34      56
37      39
33      38
28      46
26      52
40      35
42      27
39      30
31      29
32      33
31      25
32      20

